00000000
00000011
00000011
00000011
00000011
00000011
00000011
00000011
01110011
01110011
01110011
01110011
01110011
01110011
01110011
01110011
01110011
01111111
00111111
00011111
00000011
00000011
00000011
00000011
00000011
00000011
00000011
00000011
00000000
11000000
11100000
11100000
11100000
11100000
11100000
11100110
11101110
11101110
11101110
11101110
11101110
11101110
11101110
11101110
11101110
11111100
11111000
11100000
11100000
11100000
11100000
11100000
11100000
11100000
11100000
11100000
